0.242 0.246 0.25 0.238 0.25 0.242 0.227 0.246 0.238 0.223 0.223 0.23 0.234 0.227 0.223 0.223 0.227 0.234 0.25 0.246 0.234 0.258 0.25 0.23 0.23 0.223 0.223 0.223 0.227 0.246 0.246 0.242 0.254 0.262 0.254 0.254 0.254 0.238 0.242 0.254 0.254 0.246 0.223 0.211 0.207 0.207 0.223 0.223 0.223 0.219 0.223 0.227 0.223 0.223 0.219 0.223 0.23 0.246 0.23 0.223 0.227 0.223 0.215 0.219 0.215 0.219 0.223 0.23 0.23 0.223 0.227 0.223 0.223 0.223 0.223 0.219 0.207 0.199 0.195 0.195 0.195 0.199 0.207 0.203 0.184 0.188 0.199 0.207 0.219 0.219 0.215 0.223 0.219 0.211 0.207 0.211 0.207 0.207 0.207 0.211 
0.238 0.227 0.215 0.223 0.246 0.234 0.234 0.254 0.242 0.223 0.223 0.23 0.238 0.238 0.23 0.223 0.238 0.242 0.25 0.254 0.25 0.254 0.234 0.223 0.223 0.234 0.234 0.23 0.242 0.242 0.25 0.254 0.266 0.258 0.25 0.254 0.254 0.234 0.234 0.23 0.23 0.227 0.219 0.199 0.199 0.199 0.199 0.207 0.207 0.203 0.223 0.238 0.234 0.223 0.215 0.219 0.227 0.238 0.23 0.223 0.23 0.227 0.223 0.223 0.223 0.223 0.227 0.227 0.219 0.219 0.227 0.223 0.227 0.234 0.23 0.223 0.211 0.207 0.203 0.195 0.199 0.199 0.195 0.195 0.199 0.211 0.207 0.23 0.25 0.215 0.207 0.203 0.211 0.207 0.199 0.203 0.199 0.199 0.195 0.199 
0.242 0.227 0.219 0.227 0.23 0.223 0.23 0.238 0.227 0.219 0.223 0.219 0.234 0.262 0.254 0.242 0.238 0.234 0.227 0.223 0.219 0.223 0.223 0.223 0.23 0.246 0.242 0.238 0.25 0.242 0.246 0.25 0.242 0.238 0.227 0.227 0.238 0.23 0.242 0.234 0.234 0.234 0.227 0.215 0.207 0.207 0.223 0.215 0.207 0.207 0.207 0.207 0.207 0.215 0.211 0.219 0.223 0.223 0.223 0.227 0.23 0.23 0.227 0.23 0.242 0.234 0.227 0.223 0.223 0.223 0.223 0.223 0.223 0.223 0.219 0.223 0.223 0.215 0.203 0.195 0.199 0.199 0.188 0.188 0.199 0.203 0.199 0.203 0.207 0.199 0.199 0.211 0.211 0.211 0.207 0.223 0.199 0.195 0.199 0.211 
0.234 0.227 0.227 0.234 0.238 0.234 0.238 0.238 0.223 0.23 0.23 0.223 0.238 0.238 0.234 0.238 0.254 0.238 0.246 0.223 0.223 0.25 0.242 0.242 0.25 0.25 0.246 0.234 0.238 0.227 0.234 0.227 0.223 0.227 0.223 0.223 0.227 0.223 0.227 0.23 0.234 0.234 0.223 0.211 0.215 0.219 0.223 0.215 0.211 0.223 0.223 0.211 0.207 0.215 0.219 0.223 0.223 0.223 0.223 0.223 0.234 0.23 0.227 0.227 0.242 0.246 0.234 0.223 0.227 0.227 0.223 0.223 0.211 0.203 0.215 0.211 0.215 0.211 0.215 0.207 0.223 0.242 0.238 0.234 0.246 0.219 0.199 0.207 0.203 0.199 0.203 0.215 0.207 0.207 0.211 0.211 0.199 0.199 0.203 0.215 
0.211 0.215 0.234 0.246 0.258 0.27 0.254 0.223 0.219 0.23 0.227 0.227 0.223 0.219 0.223 0.234 0.262 0.258 0.242 0.242 0.262 0.266 0.254 0.25 0.238 0.234 0.242 0.23 0.23 0.223 0.223 0.23 0.227 0.23 0.238 0.238 0.238 0.234 0.238 0.23 0.234 0.234 0.227 0.223 0.219 0.223 0.223 0.223 0.215 0.223 0.215 0.215 0.211 0.223 0.238 0.23 0.219 0.219 0.219 0.219 0.223 0.223 0.223 0.23 0.238 0.238 0.23 0.223 0.223 0.223 0.238 0.242 0.234 0.23 0.227 0.223 0.223 0.219 0.219 0.223 0.23 0.234 0.23 0.23 0.223 0.207 0.203 0.211 0.211 0.207 0.203 0.199 0.203 0.215 0.215 0.207 0.199 0.207 0.207 0.211 
0.23 0.234 0.242 0.242 0.238 0.234 0.246 0.234 0.23 0.238 0.246 0.254 0.234 0.23 0.234 0.234 0.234 0.223 0.234 0.25 0.246 0.242 0.238 0.242 0.227 0.223 0.242 0.246 0.238 0.223 0.23 0.238 0.238 0.242 0.238 0.234 0.238 0.238 0.246 0.242 0.242 0.242 0.242 0.242 0.242 0.246 0.238 0.234 0.23 0.227 0.223 0.223 0.227 0.246 0.25 0.242 0.25 0.238 0.238 0.246 0.25 0.254 0.242 0.234 0.242 0.23 0.234 0.227 0.219 0.223 0.234 0.246 0.242 0.246 0.25 0.23 0.219 0.223 0.223 0.23 0.227 0.223 0.223 0.227 0.211 0.207 0.219 0.219 0.219 0.215 0.211 0.203 0.199 0.211 0.211 0.211 0.211 0.215 0.207 0.215 
0.242 0.234 0.242 0.238 0.227 0.23 0.258 0.258 0.25 0.25 0.254 0.27 0.266 0.25 0.246 0.234 0.223 0.223 0.246 0.27 0.254 0.234 0.23 0.227 0.227 0.223 0.223 0.23 0.23 0.234 0.242 0.242 0.238 0.246 0.238 0.242 0.246 0.227 0.242 0.258 0.238 0.246 0.254 0.25 0.25 0.25 0.246 0.238 0.238 0.23 0.227 0.227 0.227 0.227 0.227 0.223 0.234 0.238 0.242 0.254 0.246 0.246 0.23 0.23 0.234 0.23 0.238 0.234 0.223 0.227 0.227 0.23 0.234 0.246 0.242 0.223 0.223 0.223 0.223 0.23 0.215 0.207 0.207 0.211 0.211 0.203 0.211 0.219 0.211 0.199 0.199 0.203 0.203 0.207 0.207 0.207 0.219 0.223 0.211 0.211 
0.223 0.23 0.227 0.219 0.223 0.223 0.234 0.254 0.242 0.238 0.25 0.254 0.238 0.238 0.227 0.223 0.23 0.234 0.25 0.258 0.25 0.238 0.242 0.242 0.25 0.254 0.238 0.242 0.25 0.254 0.25 0.246 0.254 0.254 0.25 0.25 0.234 0.223 0.234 0.242 0.23 0.234 0.238 0.242 0.23 0.23 0.23 0.23 0.234 0.234 0.23 0.223 0.223 0.223 0.223 0.227 0.23 0.246 0.25 0.254 0.254 0.254 0.238 0.242 0.25 0.254 0.262 0.266 0.254 0.25 0.246 0.238 0.23 0.227 0.223 0.211 0.211 0.215 0.215 0.219 0.215 0.203 0.199 0.203 0.215 0.203 0.203 0.203 0.195 0.191 0.195 0.203 0.215 0.199 0.199 0.211 0.215 0.211 0.211 0.211 
0.203 0.207 0.211 0.219 0.223 0.227 0.223 0.223 0.223 0.219 0.219 0.219 0.215 0.219 0.219 0.223 0.23 0.23 0.23 0.227 0.246 0.254 0.246 0.25 0.258 0.277 0.273 0.273 0.27 0.254 0.25 0.246 0.246 0.242 0.238 0.238 0.234 0.234 0.234 0.23 0.234 0.23 0.223 0.223 0.23 0.238 0.242 0.238 0.242 0.25 0.238 0.242 0.246 0.219 0.23 0.23 0.23 0.246 0.254 0.27 0.285 0.27 0.242 0.262 0.285 0.285 0.277 0.273 0.246 0.227 0.223 0.246 0.238 0.223 0.215 0.211 0.207 0.207 0.211 0.211 0.215 0.215 0.207 0.211 0.219 0.199 0.195 0.191 0.195 0.191 0.188 0.199 0.219 0.207 0.203 0.203 0.203 0.195 0.207 0.234 
0.199 0.199 0.199 0.207 0.219 0.223 0.25 0.246 0.246 0.254 0.242 0.223 0.223 0.227 0.23 0.23 0.23 0.223 0.223 0.23 0.25 0.266 0.262 0.258 0.258 0.258 0.254 0.262 0.258 0.262 0.25 0.242 0.234 0.238 0.238 0.254 0.258 0.254 0.246 0.242 0.223 0.215 0.223 0.223 0.23 0.23 0.234 0.227 0.223 0.227 0.223 0.23 0.242 0.223 0.227 0.219 0.223 0.227 0.23 0.23 0.234 0.23 0.227 0.238 0.246 0.242 0.23 0.23 0.234 0.223 0.211 0.223 0.219 0.219 0.215 0.207 0.207 0.211 0.207 0.211 0.215 0.207 0.207 0.215 0.223 0.199 0.191 0.203 0.211 0.207 0.215 0.227 0.234 0.227 0.219 0.215 0.203 0.199 0.203 0.223 
0.195 0.191 0.199 0.203 0.203 0.215 0.227 0.227 0.227 0.25 0.25 0.23 0.23 0.227 0.227 0.223 0.219 0.207 0.211 0.227 0.25 0.254 0.25 0.254 0.254 0.234 0.227 0.254 0.297 0.273 0.25 0.238 0.23 0.242 0.238 0.242 0.254 0.258 0.258 0.254 0.23 0.223 0.223 0.227 0.246 0.238 0.223 0.223 0.223 0.223 0.219 0.223 0.223 0.223 0.23 0.219 0.223 0.223 0.223 0.215 0.215 0.215 0.223 0.223 0.223 0.223 0.223 0.219 0.223 0.227 0.223 0.234 0.23 0.234 0.234 0.223 0.215 0.215 0.207 0.211 0.215 0.223 0.219 0.211 0.211 0.199 0.195 0.215 0.211 0.215 0.215 0.211 0.211 0.215 0.207 0.207 0.203 0.203 0.211 0.207 
0.199 0.195 0.199 0.199 0.211 0.211 0.203 0.203 0.199 0.219 0.227 0.223 0.223 0.219 0.227 0.23 0.223 0.211 0.219 0.238 0.266 0.258 0.238 0.23 0.246 0.246 0.242 0.27 0.293 0.277 0.254 0.254 0.25 0.254 0.254 0.254 0.258 0.258 0.254 0.246 0.246 0.238 0.234 0.234 0.25 0.25 0.238 0.227 0.223 0.223 0.223 0.223 0.223 0.223 0.223 0.215 0.219 0.223 0.219 0.215 0.223 0.223 0.223 0.211 0.211 0.223 0.223 0.219 0.23 0.246 0.25 0.246 0.246 0.27 0.246 0.215 0.211 0.219 0.211 0.207 0.211 0.219 0.215 0.211 0.215 0.203 0.203 0.207 0.203 0.207 0.207 0.203 0.199 0.203 0.207 0.211 0.207 0.203 0.207 0.211 
0.203 0.203 0.203 0.215 0.211 0.199 0.195 0.18 0.176 0.199 0.215 0.215 0.211 0.219 0.223 0.23 0.223 0.227 0.223 0.227 0.238 0.238 0.234 0.227 0.238 0.254 0.25 0.25 0.258 0.254 0.258 0.262 0.254 0.254 0.262 0.266 0.266 0.254 0.25 0.246 0.242 0.234 0.234 0.242 0.242 0.242 0.23 0.23 0.227 0.223 0.223 0.223 0.227 0.223 0.215 0.211 0.223 0.238 0.223 0.219 0.227 0.242 0.23 0.207 0.215 0.234 0.23 0.219 0.219 0.223 0.227 0.223 0.219 0.223 0.211 0.199 0.203 0.211 0.207 0.207 0.211 0.211 0.215 0.223 0.215 0.211 0.203 0.203 0.203 0.203 0.199 0.195 0.199 0.203 0.211 0.211 0.207 0.223 0.223 0.215 
0.203 0.207 0.211 0.211 0.215 0.211 0.199 0.199 0.188 0.184 0.199 0.199 0.203 0.211 0.223 0.23 0.23 0.234 0.227 0.223 0.223 0.227 0.238 0.254 0.258 0.258 0.254 0.242 0.246 0.246 0.258 0.254 0.246 0.25 0.258 0.246 0.234 0.223 0.223 0.227 0.223 0.223 0.223 0.23 0.238 0.234 0.23 0.223 0.219 0.223 0.223 0.223 0.234 0.227 0.23 0.223 0.234 0.234 0.223 0.219 0.223 0.23 0.23 0.227 0.227 0.246 0.234 0.223 0.223 0.219 0.215 0.215 0.219 0.215 0.203 0.215 0.215 0.215 0.207 0.211 0.215 0.211 0.219 0.219 0.219 0.219 0.215 0.219 0.207 0.199 0.203 0.199 0.203 0.199 0.199 0.207 0.211 0.219 0.223 0.215 
0.23 0.223 0.227 0.234 0.227 0.223 0.223 0.23 0.223 0.223 0.223 0.223 0.223 0.227 0.227 0.23 0.246 0.242 0.23 0.223 0.227 0.234 0.23 0.242 0.238 0.238 0.238 0.23 0.227 0.23 0.234 0.227 0.223 0.227 0.246 0.242 0.238 0.242 0.242 0.227 0.207 0.207 0.207 0.227 0.242 0.234 0.23 0.223 0.219 0.219 0.215 0.211 0.215 0.215 0.215 0.215 0.223 0.227 0.223 0.215 0.223 0.227 0.234 0.23 0.23 0.242 0.238 0.219 0.223 0.219 0.207 0.211 0.223 0.223 0.219 0.223 0.211 0.207 0.207 0.203 0.199 0.199 0.203 0.211 0.211 0.211 0.215 0.219 0.215 0.211 0.211 0.207 0.207 0.207 0.199 0.199 0.199 0.195 0.199 0.199 
0.234 0.219 0.223 0.23 0.223 0.219 0.215 0.207 0.207 0.215 0.211 0.223 0.246 0.23 0.227 0.223 0.227 0.227 0.223 0.223 0.227 0.234 0.23 0.227 0.223 0.223 0.223 0.23 0.219 0.219 0.219 0.215 0.215 0.223 0.234 0.254 0.266 0.254 0.234 0.219 0.211 0.211 0.215 0.227 0.234 0.23 0.23 0.23 0.219 0.215 0.207 0.215 0.219 0.211 0.211 0.227 0.258 0.258 0.242 0.219 0.219 0.223 0.223 0.223 0.227 0.215 0.219 0.215 0.219 0.219 0.215 0.215 0.211 0.199 0.203 0.199 0.199 0.199 0.207 0.199 0.203 0.203 0.207 0.211 0.207 0.203 0.199 0.207 0.215 0.223 0.215 0.199 0.199 0.203 0.199 0.199 0.203 0.199 0.199 0.207 
0.238 0.207 0.227 0.242 0.242 0.242 0.223 0.223 0.23 0.234 0.223 0.219 0.254 0.242 0.223 0.223 0.23 0.234 0.223 0.223 0.23 0.234 0.246 0.234 0.234 0.238 0.234 0.223 0.203 0.207 0.211 0.219 0.223 0.23 0.238 0.262 0.266 0.258 0.242 0.23 0.23 0.242 0.242 0.242 0.242 0.25 0.254 0.234 0.223 0.223 0.223 0.227 0.223 0.223 0.223 0.223 0.242 0.234 0.23 0.223 0.223 0.223 0.223 0.238 0.23 0.219 0.219 0.215 0.215 0.227 0.23 0.23 0.215 0.207 0.203 0.199 0.195 0.203 0.219 0.223 0.211 0.203 0.199 0.195 0.211 0.211 0.211 0.215 0.215 0.223 0.215 0.207 0.207 0.203 0.207 0.207 0.211 0.207 0.203 0.203 
0.266 0.281 0.305 0.301 0.285 0.285 0.285 0.277 0.258 0.258 0.258 0.227 0.238 0.258 0.246 0.234 0.238 0.246 0.23 0.23 0.234 0.227 0.238 0.227 0.223 0.223 0.23 0.219 0.207 0.219 0.223 0.223 0.23 0.25 0.246 0.254 0.254 0.254 0.262 0.262 0.258 0.258 0.254 0.254 0.258 0.258 0.246 0.23 0.227 0.223 0.227 0.227 0.23 0.23 0.227 0.227 0.227 0.223 0.223 0.223 0.219 0.223 0.227 0.227 0.223 0.223 0.223 0.219 0.215 0.223 0.23 0.23 0.219 0.211 0.199 0.199 0.207 0.203 0.211 0.211 0.199 0.199 0.199 0.207 0.219 0.215 0.211 0.211 0.207 0.207 0.207 0.207 0.211 0.211 0.211 0.207 0.203 0.203 0.207 0.203 
0.258 0.281 0.277 0.281 0.273 0.262 0.281 0.289 0.266 0.25 0.254 0.23 0.238 0.254 0.273 0.289 0.277 0.273 0.273 0.254 0.25 0.254 0.234 0.227 0.219 0.211 0.219 0.219 0.207 0.219 0.234 0.223 0.223 0.23 0.23 0.238 0.258 0.273 0.281 0.27 0.27 0.273 0.27 0.273 0.277 0.266 0.25 0.238 0.238 0.227 0.223 0.223 0.227 0.234 0.223 0.223 0.234 0.234 0.234 0.242 0.23 0.238 0.238 0.242 0.227 0.219 0.223 0.219 0.227 0.238 0.223 0.223 0.223 0.215 0.207 0.219 0.223 0.219 0.207 0.203 0.199 0.207 0.207 0.215 0.215 0.219 0.219 0.215 0.199 0.199 0.199 0.219 0.211 0.215 0.207 0.199 0.199 0.199 0.199 0.207 
0.262 0.277 0.266 0.262 0.266 0.262 0.246 0.246 0.227 0.223 0.223 0.223 0.223 0.223 0.219 0.238 0.254 0.273 0.285 0.281 0.262 0.262 0.254 0.246 0.25 0.246 0.254 0.242 0.227 0.254 0.254 0.246 0.242 0.246 0.234 0.234 0.234 0.266 0.273 0.266 0.266 0.27 0.254 0.254 0.27 0.27 0.238 0.238 0.238 0.234 0.227 0.223 0.234 0.234 0.223 0.223 0.223 0.227 0.23 0.234 0.23 0.238 0.238 0.234 0.227 0.219 0.223 0.215 0.219 0.23 0.23 0.23 0.223 0.223 0.215 0.219 0.219 0.219 0.223 0.223 0.223 0.211 0.215 0.215 0.215 0.223 0.227 0.223 0.207 0.199 0.203 0.203 0.191 0.199 0.199 0.191 0.199 0.203 0.211 0.227 
0.254 0.285 0.27 0.254 0.262 0.227 0.219 0.23 0.223 0.23 0.242 0.246 0.242 0.23 0.223 0.223 0.23 0.234 0.23 0.23 0.227 0.23 0.242 0.25 0.262 0.254 0.254 0.238 0.223 0.254 0.262 0.266 0.254 0.254 0.25 0.258 0.25 0.258 0.266 0.258 0.27 0.285 0.266 0.254 0.273 0.266 0.254 0.254 0.25 0.242 0.242 0.223 0.223 0.223 0.223 0.219 0.215 0.211 0.207 0.215 0.223 0.223 0.223 0.219 0.223 0.223 0.227 0.223 0.219 0.215 0.227 0.23 0.223 0.211 0.203 0.207 0.219 0.223 0.227 0.219 0.219 0.219 0.219 0.215 0.207 0.211 0.215 0.211 0.215 0.219 0.215 0.203 0.203 0.211 0.219 0.211 0.223 0.25 0.301 0.391 
0.313 0.332 0.355 0.32 0.313 0.27 0.258 0.27 0.277 0.305 0.301 0.285 0.281 0.273 0.277 0.281 0.277 0.273 0.254 0.238 0.246 0.258 0.27 0.273 0.262 0.254 0.25 0.234 0.23 0.246 0.254 0.262 0.254 0.238 0.25 0.281 0.27 0.273 0.289 0.297 0.305 0.289 0.273 0.281 0.289 0.258 0.273 0.285 0.27 0.254 0.25 0.23 0.211 0.215 0.227 0.234 0.23 0.223 0.219 0.223 0.23 0.223 0.219 0.223 0.223 0.223 0.219 0.215 0.223 0.223 0.219 0.219 0.211 0.211 0.207 0.207 0.215 0.219 0.223 0.219 0.219 0.215 0.219 0.223 0.223 0.234 0.238 0.223 0.227 0.23 0.238 0.238 0.246 0.262 0.293 0.324 0.418 0.48 0.543 0.574 
0.336 0.324 0.32 0.301 0.344 0.293 0.293 0.293 0.285 0.277 0.285 0.281 0.254 0.27 0.293 0.273 0.254 0.234 0.254 0.227 0.234 0.254 0.254 0.254 0.254 0.254 0.25 0.234 0.246 0.27 0.266 0.254 0.25 0.266 0.262 0.293 0.285 0.281 0.297 0.316 0.297 0.266 0.25 0.242 0.238 0.246 0.254 0.277 0.273 0.262 0.262 0.254 0.227 0.223 0.223 0.223 0.223 0.223 0.227 0.223 0.223 0.215 0.219 0.223 0.223 0.227 0.227 0.223 0.227 0.223 0.223 0.215 0.211 0.215 0.211 0.199 0.211 0.227 0.227 0.223 0.223 0.227 0.223 0.223 0.227 0.227 0.23 0.227 0.246 0.273 0.309 0.367 0.414 0.453 0.492 0.523 0.566 0.574 0.578 0.566 
0.344 0.332 0.301 0.316 0.395 0.34 0.32 0.324 0.324 0.309 0.316 0.32 0.293 0.32 0.313 0.266 0.246 0.234 0.25 0.258 0.238 0.223 0.219 0.223 0.234 0.238 0.242 0.242 0.27 0.289 0.293 0.305 0.285 0.273 0.254 0.262 0.273 0.273 0.301 0.355 0.332 0.285 0.281 0.277 0.258 0.277 0.277 0.258 0.254 0.254 0.25 0.25 0.238 0.223 0.215 0.223 0.223 0.223 0.227 0.223 0.223 0.223 0.227 0.23 0.23 0.234 0.25 0.25 0.242 0.234 0.234 0.227 0.215 0.223 0.223 0.211 0.219 0.223 0.227 0.23 0.227 0.227 0.227 0.223 0.227 0.227 0.246 0.301 0.395 0.5 0.535 0.563 0.566 0.57 0.566 0.531 0.535 0.539 0.535 0.531 
0.273 0.285 0.266 0.289 0.332 0.313 0.316 0.297 0.273 0.273 0.281 0.301 0.316 0.313 0.281 0.273 0.27 0.262 0.285 0.301 0.289 0.281 0.254 0.254 0.254 0.246 0.227 0.227 0.234 0.242 0.246 0.313 0.301 0.258 0.227 0.242 0.27 0.301 0.332 0.34 0.34 0.316 0.293 0.297 0.281 0.293 0.277 0.254 0.25 0.254 0.242 0.23 0.242 0.242 0.223 0.223 0.215 0.215 0.219 0.215 0.215 0.227 0.234 0.227 0.223 0.223 0.223 0.219 0.227 0.223 0.23 0.234 0.227 0.227 0.234 0.227 0.227 0.23 0.234 0.227 0.227 0.223 0.234 0.234 0.25 0.285 0.359 0.484 0.563 0.605 0.609 0.609 0.602 0.57 0.563 0.559 0.555 0.566 0.555 0.539 
0.418 0.422 0.406 0.41 0.43 0.438 0.418 0.379 0.379 0.402 0.41 0.438 0.465 0.469 0.43 0.371 0.297 0.281 0.285 0.281 0.289 0.309 0.285 0.289 0.293 0.277 0.285 0.301 0.293 0.273 0.273 0.297 0.27 0.254 0.242 0.246 0.262 0.316 0.355 0.363 0.332 0.328 0.305 0.301 0.293 0.297 0.297 0.297 0.277 0.277 0.27 0.242 0.234 0.238 0.223 0.215 0.223 0.223 0.223 0.223 0.223 0.227 0.223 0.219 0.223 0.23 0.223 0.211 0.223 0.238 0.234 0.227 0.223 0.227 0.23 0.234 0.262 0.254 0.242 0.23 0.227 0.246 0.285 0.367 0.449 0.516 0.563 0.598 0.578 0.563 0.582 0.609 0.609 0.574 0.563 0.582 0.598 0.586 0.582 0.578 
0.516 0.527 0.52 0.516 0.535 0.563 0.578 0.582 0.59 0.609 0.637 0.645 0.668 0.676 0.668 0.57 0.355 0.309 0.277 0.254 0.285 0.293 0.266 0.266 0.262 0.254 0.27 0.277 0.297 0.293 0.277 0.254 0.242 0.238 0.223 0.227 0.254 0.297 0.344 0.348 0.336 0.344 0.309 0.301 0.289 0.281 0.266 0.258 0.238 0.254 0.277 0.262 0.254 0.246 0.219 0.215 0.23 0.234 0.227 0.223 0.219 0.219 0.219 0.219 0.215 0.227 0.223 0.223 0.223 0.238 0.223 0.223 0.23 0.23 0.223 0.223 0.246 0.242 0.242 0.242 0.258 0.297 0.418 0.543 0.566 0.57 0.574 0.57 0.547 0.547 0.582 0.582 0.578 0.574 0.559 0.555 0.578 0.566 0.559 0.559 
0.668 0.668 0.672 0.676 0.699 0.727 0.742 0.754 0.754 0.754 0.742 0.742 0.766 0.758 0.742 0.68 0.406 0.297 0.297 0.281 0.293 0.273 0.258 0.262 0.238 0.223 0.246 0.258 0.297 0.313 0.27 0.23 0.223 0.223 0.215 0.215 0.246 0.293 0.328 0.332 0.348 0.352 0.324 0.297 0.285 0.289 0.262 0.262 0.266 0.281 0.281 0.277 0.277 0.266 0.242 0.223 0.227 0.234 0.227 0.223 0.215 0.215 0.211 0.211 0.211 0.215 0.219 0.223 0.223 0.223 0.215 0.223 0.238 0.23 0.223 0.234 0.254 0.289 0.328 0.383 0.445 0.5 0.527 0.578 0.574 0.578 0.586 0.586 0.574 0.57 0.59 0.59 0.586 0.582 0.586 0.57 0.555 0.566 0.563 0.563 
0.789 0.77 0.777 0.777 0.781 0.777 0.781 0.777 0.785 0.801 0.813 0.809 0.781 0.746 0.746 0.684 0.418 0.254 0.25 0.246 0.254 0.262 0.281 0.277 0.258 0.254 0.27 0.297 0.32 0.297 0.258 0.254 0.254 0.293 0.297 0.285 0.293 0.34 0.344 0.332 0.305 0.305 0.301 0.293 0.281 0.309 0.289 0.281 0.285 0.297 0.277 0.254 0.242 0.23 0.227 0.215 0.223 0.223 0.223 0.227 0.223 0.223 0.211 0.219 0.219 0.223 0.227 0.227 0.219 0.219 0.223 0.23 0.238 0.25 0.285 0.336 0.41 0.492 0.535 0.555 0.563 0.543 0.543 0.574 0.582 0.586 0.586 0.59 0.582 0.582 0.574 0.59 0.598 0.582 0.582 0.574 0.582 0.59 0.598 0.602 
0.813 0.801 0.816 0.816 0.809 0.813 0.809 0.766 0.715 0.727 0.762 0.777 0.746 0.742 0.73 0.68 0.438 0.281 0.254 0.238 0.23 0.246 0.285 0.293 0.293 0.285 0.285 0.332 0.344 0.305 0.293 0.293 0.316 0.324 0.32 0.305 0.289 0.301 0.305 0.301 0.27 0.25 0.254 0.254 0.242 0.27 0.277 0.289 0.266 0.242 0.23 0.23 0.242 0.242 0.238 0.234 0.23 0.23 0.223 0.223 0.223 0.223 0.215 0.211 0.211 0.223 0.219 0.223 0.223 0.227 0.242 0.27 0.332 0.414 0.512 0.574 0.59 0.582 0.563 0.543 0.566 0.559 0.547 0.563 0.566 0.566 0.566 0.566 0.563 0.559 0.535 0.539 0.586 0.574 0.57 0.586 0.609 0.605 0.582 0.531 
0.766 0.746 0.766 0.77 0.766 0.785 0.809 0.766 0.754 0.734 0.734 0.734 0.711 0.719 0.703 0.684 0.477 0.305 0.27 0.27 0.254 0.254 0.27 0.246 0.254 0.246 0.254 0.277 0.27 0.262 0.27 0.277 0.305 0.301 0.297 0.285 0.254 0.258 0.289 0.289 0.254 0.25 0.281 0.281 0.25 0.246 0.262 0.293 0.277 0.262 0.258 0.266 0.277 0.254 0.234 0.234 0.223 0.223 0.223 0.215 0.211 0.215 0.223 0.219 0.215 0.223 0.223 0.227 0.254 0.324 0.391 0.477 0.559 0.609 0.613 0.602 0.59 0.582 0.598 0.602 0.598 0.586 0.59 0.605 0.609 0.617 0.578 0.586 0.586 0.57 0.578 0.555 0.578 0.605 0.598 0.574 0.535 0.488 0.473 0.465 
0.73 0.734 0.746 0.754 0.746 0.754 0.754 0.746 0.754 0.758 0.762 0.758 0.746 0.746 0.738 0.719 0.52 0.324 0.297 0.297 0.273 0.262 0.262 0.25 0.254 0.246 0.258 0.277 0.293 0.285 0.27 0.289 0.301 0.309 0.332 0.305 0.27 0.273 0.305 0.309 0.297 0.301 0.301 0.297 0.262 0.289 0.281 0.262 0.254 0.254 0.242 0.262 0.293 0.273 0.23 0.23 0.211 0.199 0.219 0.223 0.215 0.23 0.23 0.223 0.227 0.254 0.301 0.391 0.477 0.559 0.582 0.574 0.586 0.605 0.586 0.566 0.574 0.586 0.613 0.582 0.543 0.566 0.578 0.57 0.574 0.602 0.574 0.566 0.59 0.586 0.621 0.602 0.566 0.539 0.5 0.477 0.469 0.465 0.465 0.469 
0.777 0.77 0.77 0.762 0.762 0.77 0.766 0.754 0.758 0.762 0.762 0.762 0.754 0.758 0.73 0.676 0.527 0.332 0.297 0.309 0.281 0.254 0.254 0.254 0.246 0.254 0.281 0.289 0.328 0.336 0.309 0.352 0.348 0.332 0.336 0.313 0.277 0.273 0.281 0.301 0.297 0.316 0.309 0.27 0.273 0.313 0.297 0.262 0.258 0.254 0.25 0.238 0.258 0.277 0.254 0.238 0.215 0.211 0.219 0.215 0.219 0.234 0.266 0.309 0.383 0.469 0.559 0.605 0.613 0.586 0.582 0.543 0.555 0.57 0.582 0.547 0.539 0.566 0.586 0.559 0.539 0.555 0.535 0.523 0.535 0.559 0.574 0.605 0.617 0.582 0.547 0.52 0.488 0.473 0.469 0.469 0.469 0.473 0.473 0.473 
0.766 0.746 0.742 0.742 0.758 0.77 0.789 0.777 0.762 0.762 0.77 0.77 0.777 0.777 0.734 0.66 0.523 0.359 0.305 0.293 0.277 0.254 0.25 0.23 0.23 0.254 0.277 0.285 0.301 0.328 0.324 0.34 0.324 0.305 0.297 0.254 0.25 0.242 0.227 0.289 0.297 0.285 0.277 0.25 0.258 0.277 0.262 0.258 0.254 0.238 0.227 0.223 0.227 0.238 0.246 0.207 0.199 0.211 0.23 0.242 0.285 0.371 0.492 0.559 0.59 0.59 0.605 0.582 0.586 0.59 0.59 0.598 0.598 0.586 0.617 0.605 0.586 0.586 0.598 0.605 0.598 0.586 0.57 0.574 0.609 0.602 0.574 0.555 0.516 0.48 0.469 0.477 0.477 0.469 0.469 0.473 0.469 0.473 0.477 0.48 
0.766 0.758 0.758 0.746 0.746 0.777 0.77 0.766 0.762 0.754 0.754 0.777 0.785 0.781 0.754 0.688 0.531 0.352 0.297 0.285 0.266 0.281 0.309 0.277 0.277 0.281 0.289 0.309 0.297 0.305 0.367 0.41 0.32 0.336 0.328 0.281 0.273 0.289 0.27 0.281 0.297 0.297 0.297 0.27 0.254 0.266 0.254 0.246 0.25 0.242 0.246 0.254 0.262 0.27 0.273 0.25 0.238 0.27 0.328 0.406 0.5 0.566 0.602 0.586 0.574 0.566 0.578 0.578 0.586 0.598 0.574 0.547 0.563 0.563 0.574 0.566 0.539 0.547 0.563 0.578 0.59 0.617 0.605 0.582 0.574 0.531 0.5 0.477 0.469 0.465 0.465 0.465 0.469 0.469 0.473 0.477 0.473 0.477 0.488 0.484 
0.762 0.766 0.758 0.746 0.754 0.766 0.758 0.766 0.762 0.766 0.766 0.766 0.762 0.754 0.734 0.691 0.543 0.313 0.262 0.266 0.258 0.277 0.32 0.313 0.305 0.316 0.332 0.297 0.258 0.266 0.305 0.367 0.289 0.27 0.246 0.23 0.238 0.258 0.27 0.27 0.277 0.313 0.297 0.258 0.254 0.266 0.266 0.242 0.234 0.238 0.242 0.273 0.293 0.289 0.297 0.313 0.398 0.5 0.547 0.578 0.586 0.582 0.582 0.578 0.586 0.582 0.555 0.566 0.582 0.582 0.57 0.57 0.57 0.57 0.566 0.52 0.512 0.539 0.57 0.586 0.59 0.57 0.523 0.5 0.488 0.48 0.477 0.473 0.465 0.461 0.461 0.465 0.473 0.473 0.477 0.48 0.48 0.469 0.469 0.465 
0.742 0.746 0.746 0.758 0.762 0.742 0.742 0.746 0.754 0.754 0.746 0.746 0.754 0.746 0.734 0.703 0.543 0.316 0.301 0.289 0.258 0.27 0.289 0.297 0.305 0.297 0.297 0.27 0.254 0.258 0.258 0.273 0.281 0.277 0.273 0.273 0.254 0.242 0.266 0.273 0.297 0.387 0.336 0.313 0.301 0.297 0.305 0.301 0.301 0.309 0.289 0.293 0.328 0.371 0.426 0.492 0.555 0.582 0.578 0.57 0.57 0.574 0.59 0.586 0.598 0.617 0.59 0.574 0.598 0.586 0.586 0.602 0.59 0.574 0.566 0.582 0.59 0.586 0.563 0.523 0.5 0.48 0.473 0.469 0.473 0.477 0.473 0.469 0.465 0.461 0.461 0.469 0.473 0.477 0.473 0.469 0.473 0.465 0.461 0.461 
0.738 0.754 0.738 0.738 0.742 0.73 0.73 0.746 0.77 0.758 0.742 0.746 0.758 0.746 0.738 0.715 0.574 0.316 0.277 0.266 0.246 0.297 0.355 0.363 0.344 0.332 0.316 0.309 0.32 0.32 0.324 0.336 0.352 0.34 0.348 0.34 0.297 0.277 0.277 0.266 0.293 0.359 0.313 0.305 0.297 0.289 0.297 0.305 0.324 0.383 0.379 0.43 0.504 0.559 0.574 0.559 0.523 0.539 0.555 0.555 0.563 0.563 0.547 0.547 0.547 0.563 0.566 0.559 0.586 0.523 0.535 0.574 0.578 0.586 0.59 0.574 0.531 0.5 0.48 0.473 0.469 0.469 0.473 0.469 0.477 0.477 0.477 0.48 0.477 0.473 0.469 0.469 0.469 0.465 0.461 0.461 0.461 0.461 0.469 0.465 
0.766 0.77 0.766 0.766 0.766 0.754 0.746 0.758 0.754 0.754 0.746 0.758 0.758 0.742 0.742 0.711 0.598 0.324 0.254 0.27 0.273 0.289 0.336 0.355 0.375 0.391 0.355 0.348 0.363 0.363 0.332 0.344 0.32 0.332 0.34 0.316 0.316 0.316 0.309 0.301 0.32 0.328 0.281 0.273 0.285 0.297 0.344 0.379 0.457 0.566 0.578 0.578 0.586 0.598 0.59 0.582 0.57 0.578 0.59 0.586 0.609 0.609 0.59 0.574 0.563 0.547 0.531 0.527 0.566 0.566 0.586 0.598 0.578 0.539 0.516 0.488 0.469 0.473 0.48 0.473 0.469 0.473 0.477 0.473 0.473 0.473 0.477 0.484 0.48 0.469 0.469 0.461 0.469 0.461 0.465 0.465 0.465 0.465 0.461 0.457 
0.766 0.785 0.766 0.766 0.777 0.758 0.746 0.742 0.738 0.738 0.734 0.734 0.727 0.719 0.734 0.699 0.598 0.379 0.266 0.238 0.246 0.316 0.367 0.367 0.387 0.395 0.375 0.352 0.34 0.324 0.289 0.258 0.262 0.289 0.297 0.297 0.313 0.313 0.293 0.277 0.281 0.285 0.273 0.313 0.383 0.461 0.535 0.563 0.574 0.59 0.559 0.559 0.582 0.578 0.574 0.602 0.59 0.613 0.625 0.617 0.613 0.605 0.598 0.578 0.555 0.578 0.555 0.578 0.605 0.59 0.543 0.527 0.504 0.473 0.477 0.469 0.465 0.473 0.477 0.477 0.473 0.469 0.469 0.473 0.477 0.473 0.473 0.477 0.473 0.465 0.461 0.461 0.461 0.461 0.469 0.469 0.469 0.465 0.457 0.457 
0.727 0.73 0.719 0.73 0.727 0.719 0.73 0.738 0.742 0.742 0.742 0.738 0.73 0.727 0.727 0.688 0.605 0.418 0.367 0.348 0.332 0.336 0.34 0.348 0.379 0.387 0.371 0.348 0.34 0.352 0.336 0.281 0.258 0.262 0.285 0.293 0.281 0.289 0.297 0.332 0.367 0.375 0.434 0.523 0.57 0.582 0.582 0.555 0.539 0.531 0.539 0.555 0.566 0.574 0.566 0.559 0.574 0.621 0.617 0.586 0.598 0.547 0.547 0.563 0.57 0.605 0.574 0.555 0.527 0.5 0.48 0.48 0.477 0.469 0.469 0.473 0.469 0.469 0.469 0.469 0.469 0.469 0.473 0.473 0.473 0.469 0.461 0.461 0.465 0.465 0.461 0.461 0.465 0.465 0.469 0.469 0.473 0.469 0.465 0.469 
0.746 0.742 0.742 0.738 0.754 0.758 0.766 0.766 0.777 0.77 0.766 0.766 0.746 0.73 0.727 0.699 0.621 0.438 0.383 0.402 0.375 0.32 0.297 0.305 0.336 0.348 0.32 0.297 0.32 0.344 0.336 0.301 0.305 0.324 0.359 0.375 0.371 0.387 0.426 0.473 0.531 0.566 0.586 0.609 0.586 0.582 0.59 0.578 0.574 0.566 0.582 0.605 0.598 0.586 0.598 0.578 0.586 0.602 0.578 0.566 0.574 0.586 0.598 0.578 0.566 0.531 0.492 0.48 0.48 0.477 0.469 0.469 0.473 0.477 0.477 0.473 0.469 0.469 0.477 0.477 0.477 0.473 0.469 0.473 0.469 0.461 0.457 0.457 0.461 0.465 0.465 0.465 0.469 0.473 0.473 0.469 0.473 0.473 0.473 0.473 
0.754 0.766 0.754 0.73 0.738 0.754 0.762 0.758 0.754 0.742 0.742 0.77 0.758 0.742 0.746 0.73 0.637 0.414 0.301 0.297 0.297 0.305 0.32 0.305 0.293 0.293 0.297 0.285 0.332 0.352 0.332 0.344 0.32 0.324 0.34 0.395 0.477 0.52 0.535 0.559 0.555 0.563 0.555 0.547 0.543 0.543 0.539 0.543 0.547 0.559 0.586 0.574 0.57 0.566 0.566 0.566 0.605 0.59 0.598 0.613 0.59 0.566 0.531 0.512 0.492 0.48 0.477 0.477 0.477 0.469 0.469 0.477 0.48 0.477 0.477 0.477 0.477 0.473 0.477 0.473 0.473 0.469 0.469 0.473 0.469 0.453 0.457 0.465 0.465 0.461 0.461 0.461 0.465 0.469 0.473 0.477 0.477 0.48 0.477 0.473 
0.754 0.758 0.754 0.738 0.742 0.758 0.77 0.758 0.742 0.742 0.738 0.758 0.766 0.754 0.758 0.742 0.699 0.473 0.34 0.328 0.336 0.348 0.359 0.328 0.32 0.355 0.375 0.348 0.32 0.324 0.355 0.406 0.434 0.48 0.531 0.566 0.586 0.582 0.586 0.582 0.563 0.559 0.547 0.543 0.543 0.547 0.559 0.543 0.512 0.539 0.578 0.563 0.523 0.531 0.547 0.582 0.637 0.602 0.574 0.539 0.508 0.488 0.488 0.484 0.477 0.477 0.473 0.469 0.469 0.469 0.473 0.477 0.484 0.484 0.48 0.48 0.477 0.469 0.469 0.465 0.461 0.461 0.477 0.477 0.469 0.457 0.465 0.469 0.469 0.465 0.465 0.465 0.469 0.473 0.477 0.473 0.48 0.484 0.484 0.477 
0.758 0.758 0.758 0.758 0.758 0.762 0.766 0.746 0.758 0.766 0.758 0.762 0.766 0.762 0.758 0.742 0.711 0.484 0.328 0.352 0.34 0.344 0.34 0.313 0.313 0.316 0.32 0.305 0.313 0.379 0.461 0.535 0.59 0.602 0.586 0.578 0.563 0.578 0.586 0.586 0.605 0.586 0.566 0.574 0.59 0.598 0.605 0.59 0.559 0.566 0.586 0.574 0.574 0.613 0.617 0.586 0.559 0.516 0.492 0.484 0.477 0.477 0.477 0.473 0.469 0.473 0.473 0.473 0.48 0.477 0.477 0.473 0.477 0.484 0.48 0.477 0.469 0.465 0.469 0.465 0.469 0.469 0.473 0.461 0.457 0.457 0.461 0.473 0.469 0.469 0.469 0.465 0.469 0.469 0.477 0.48 0.484 0.484 0.48 0.477 
0.777 0.758 0.766 0.766 0.777 0.762 0.746 0.754 0.762 0.746 0.754 0.758 0.758 0.754 0.738 0.73 0.699 0.484 0.324 0.324 0.324 0.297 0.293 0.309 0.328 0.359 0.375 0.426 0.512 0.586 0.609 0.59 0.574 0.574 0.574 0.547 0.535 0.535 0.559 0.57 0.602 0.578 0.547 0.535 0.535 0.555 0.555 0.547 0.563 0.563 0.586 0.602 0.59 0.57 0.531 0.504 0.484 0.484 0.48 0.477 0.473 0.469 0.469 0.469 0.477 0.48 0.477 0.48 0.484 0.477 0.473 0.473 0.48 0.484 0.484 0.484 0.48 0.48 0.48 0.477 0.477 0.469 0.461 0.461 0.457 0.461 0.457 0.469 0.469 0.469 0.465 0.465 0.469 0.473 0.477 0.48 0.484 0.488 0.484 0.484 
0.758 0.742 0.738 0.738 0.754 0.758 0.766 0.762 0.754 0.742 0.746 0.758 0.758 0.754 0.746 0.738 0.715 0.535 0.359 0.352 0.383 0.395 0.41 0.438 0.488 0.535 0.566 0.59 0.586 0.602 0.602 0.598 0.586 0.59 0.609 0.605 0.602 0.586 0.602 0.605 0.609 0.613 0.602 0.574 0.563 0.547 0.563 0.57 0.586 0.582 0.559 0.527 0.504 0.492 0.484 0.484 0.484 0.48 0.473 0.469 0.469 0.465 0.477 0.48 0.488 0.488 0.48 0.48 0.48 0.48 0.484 0.48 0.48 0.484 0.488 0.492 0.488 0.484 0.48 0.473 0.469 0.469 0.465 0.465 0.461 0.461 0.465 0.473 0.473 0.469 0.473 0.465 0.469 0.48 0.48 0.48 0.48 0.484 0.488 0.484 
0.746 0.742 0.742 0.746 0.762 0.777 0.754 0.754 0.754 0.762 0.746 0.754 0.766 0.754 0.754 0.758 0.738 0.586 0.383 0.367 0.406 0.488 0.57 0.578 0.582 0.586 0.57 0.57 0.559 0.57 0.574 0.582 0.578 0.582 0.598 0.598 0.602 0.598 0.578 0.59 0.613 0.617 0.609 0.602 0.598 0.59 0.578 0.555 0.523 0.508 0.504 0.492 0.484 0.484 0.477 0.48 0.484 0.477 0.469 0.473 0.477 0.477 0.484 0.488 0.484 0.484 0.48 0.48 0.48 0.488 0.492 0.484 0.492 0.492 0.5 0.492 0.484 0.48 0.477 0.473 0.465 0.469 0.465 0.469 0.473 0.469 0.473 0.48 0.48 0.477 0.477 0.473 0.477 0.477 0.473 0.477 0.477 0.484 0.488 0.488 
0.766 0.762 0.754 0.738 0.738 0.746 0.738 0.715 0.746 0.758 0.758 0.742 0.754 0.746 0.738 0.73 0.699 0.586 0.477 0.492 0.531 0.566 0.617 0.59 0.559 0.555 0.547 0.539 0.539 0.555 0.543 0.555 0.547 0.555 0.535 0.523 0.543 0.547 0.523 0.535 0.586 0.617 0.613 0.582 0.563 0.527 0.508 0.488 0.484 0.488 0.492 0.488 0.48 0.48 0.473 0.477 0.484 0.477 0.473 0.477 0.48 0.48 0.48 0.488 0.488 0.484 0.48 0.48 0.488 0.492 0.492 0.488 0.488 0.484 0.48 0.484 0.48 0.477 0.473 0.473 0.461 0.465 0.473 0.477 0.48 0.477 0.477 0.48 0.48 0.48 0.477 0.48 0.477 0.477 0.473 0.477 0.484 0.488 0.488 0.488 
0.746 0.742 0.754 0.746 0.746 0.758 0.734 0.703 0.742 0.754 0.762 0.754 0.742 0.719 0.688 0.66 0.625 0.586 0.57 0.578 0.57 0.566 0.598 0.602 0.602 0.605 0.617 0.59 0.582 0.609 0.602 0.59 0.605 0.609 0.582 0.531 0.547 0.578 0.578 0.586 0.586 0.566 0.531 0.5 0.484 0.484 0.48 0.48 0.484 0.484 0.48 0.477 0.477 0.477 0.477 0.488 0.488 0.492 0.488 0.48 0.484 0.488 0.488 0.488 0.488 0.492 0.492 0.504 0.508 0.5 0.492 0.484 0.484 0.492 0.48 0.473 0.473 0.473 0.469 0.469 0.473 0.477 0.48 0.48 0.48 0.48 0.48 0.477 0.48 0.48 0.48 0.48 0.484 0.477 0.48 0.48 0.484 0.488 0.5 0.5 
0.777 0.777 0.777 0.777 0.777 0.777 0.738 0.73 0.762 0.762 0.746 0.715 0.672 0.645 0.629 0.641 0.613 0.57 0.547 0.555 0.559 0.547 0.539 0.566 0.566 0.605 0.625 0.582 0.547 0.559 0.563 0.555 0.547 0.57 0.586 0.598 0.613 0.613 0.582 0.543 0.508 0.488 0.484 0.48 0.484 0.484 0.48 0.477 0.48 0.48 0.477 0.48 0.477 0.477 0.48 0.488 0.488 0.488 0.492 0.484 0.488 0.492 0.5 0.5 0.5 0.504 0.5 0.5 0.492 0.488 0.484 0.484 0.48 0.484 0.477 0.469 0.469 0.477 0.473 0.48 0.488 0.48 0.477 0.477 0.477 0.484 0.48 0.484 0.5 0.484 0.48 0.484 0.488 0.48 0.484 0.488 0.488 0.492 0.492 0.5 
0.781 0.781 0.785 0.77 0.762 0.77 0.746 0.73 0.738 0.711 0.656 0.625 0.629 0.617 0.602 0.57 0.559 0.547 0.543 0.527 0.57 0.586 0.563 0.574 0.566 0.605 0.621 0.578 0.555 0.547 0.531 0.539 0.566 0.602 0.605 0.586 0.563 0.531 0.5 0.488 0.484 0.492 0.492 0.492 0.488 0.484 0.484 0.477 0.48 0.48 0.477 0.48 0.48 0.484 0.488 0.492 0.488 0.492 0.492 0.492 0.492 0.504 0.5 0.504 0.5 0.5 0.492 0.488 0.484 0.488 0.488 0.48 0.48 0.477 0.477 0.477 0.484 0.484 0.484 0.48 0.48 0.477 0.477 0.477 0.477 0.477 0.48 0.484 0.488 0.48 0.484 0.48 0.484 0.484 0.488 0.492 0.488 0.488 0.492 0.5 
0.754 0.762 0.754 0.754 0.754 0.746 0.727 0.676 0.645 0.629 0.613 0.586 0.582 0.566 0.555 0.523 0.535 0.582 0.609 0.598 0.613 0.637 0.637 0.617 0.621 0.621 0.621 0.605 0.609 0.648 0.621 0.605 0.59 0.563 0.535 0.516 0.5 0.492 0.488 0.488 0.488 0.492 0.5 0.492 0.492 0.488 0.48 0.477 0.48 0.48 0.48 0.484 0.488 0.492 0.488 0.48 0.484 0.484 0.488 0.504 0.504 0.504 0.5 0.504 0.5 0.488 0.492 0.488 0.484 0.484 0.477 0.477 0.477 0.48 0.484 0.484 0.484 0.48 0.48 0.48 0.48 0.48 0.477 0.477 0.48 0.48 0.477 0.48 0.484 0.477 0.48 0.484 0.488 0.488 0.492 0.492 0.492 0.492 0.5 0.5 
0.73 0.754 0.746 0.719 0.703 0.684 0.652 0.637 0.621 0.602 0.543 0.535 0.535 0.523 0.523 0.508 0.527 0.563 0.578 0.574 0.563 0.566 0.566 0.563 0.59 0.605 0.617 0.645 0.629 0.609 0.57 0.531 0.516 0.512 0.504 0.5 0.492 0.484 0.484 0.488 0.492 0.5 0.5 0.5 0.488 0.492 0.488 0.48 0.48 0.48 0.484 0.484 0.484 0.484 0.484 0.484 0.488 0.488 0.5 0.508 0.516 0.516 0.504 0.508 0.5 0.492 0.488 0.488 0.488 0.484 0.484 0.48 0.48 0.484 0.484 0.484 0.48 0.48 0.484 0.484 0.48 0.484 0.48 0.477 0.48 0.48 0.48 0.48 0.48 0.484 0.492 0.484 0.484 0.484 0.488 0.488 0.488 0.484 0.484 0.488 
0.719 0.711 0.703 0.66 0.613 0.586 0.57 0.563 0.586 0.574 0.539 0.547 0.555 0.543 0.566 0.559 0.598 0.609 0.59 0.59 0.629 0.602 0.555 0.59 0.613 0.629 0.613 0.578 0.539 0.52 0.508 0.5 0.5 0.508 0.504 0.5 0.484 0.484 0.488 0.492 0.492 0.5 0.492 0.492 0.488 0.492 0.488 0.492 0.484 0.48 0.48 0.48 0.484 0.488 0.488 0.5 0.5 0.504 0.508 0.508 0.508 0.504 0.504 0.5 0.488 0.484 0.484 0.488 0.488 0.488 0.488 0.484 0.48 0.484 0.488 0.484 0.48 0.48 0.488 0.488 0.484 0.488 0.484 0.48 0.48 0.484 0.488 0.488 0.484 0.484 0.488 0.488 0.488 0.492 0.5 0.508 0.492 0.484 0.492 0.492 
0.66 0.641 0.621 0.602 0.547 0.523 0.539 0.547 0.555 0.559 0.547 0.566 0.563 0.555 0.582 0.598 0.602 0.602 0.617 0.602 0.625 0.668 0.629 0.609 0.582 0.555 0.527 0.516 0.508 0.508 0.504 0.504 0.504 0.492 0.492 0.492 0.484 0.484 0.492 0.492 0.488 0.488 0.488 0.492 0.484 0.484 0.488 0.488 0.48 0.477 0.48 0.484 0.488 0.492 0.504 0.508 0.508 0.504 0.504 0.504 0.504 0.504 0.492 0.492 0.488 0.488 0.488 0.488 0.488 0.488 0.488 0.492 0.492 0.492 0.492 0.484 0.484 0.488 0.492 0.488 0.488 0.484 0.492 0.488 0.484 0.48 0.484 0.488 0.488 0.484 0.488 0.492 0.484 0.484 0.504 0.508 0.5 0.492 0.504 0.488 
0.59 0.57 0.559 0.566 0.547 0.52 0.527 0.527 0.535 0.535 0.527 0.559 0.555 0.535 0.559 0.547 0.566 0.598 0.629 0.641 0.621 0.609 0.563 0.527 0.516 0.516 0.508 0.5 0.5 0.5 0.504 0.508 0.504 0.488 0.5 0.492 0.492 0.484 0.488 0.492 0.488 0.484 0.492 0.488 0.48 0.477 0.48 0.48 0.48 0.48 0.48 0.484 0.492 0.5 0.508 0.508 0.508 0.508 0.504 0.492 0.492 0.492 0.492 0.492 0.488 0.488 0.5 0.504 0.5 0.488 0.492 0.492 0.504 0.5 0.5 0.492 0.492 0.492 0.492 0.5 0.488 0.484 0.488 0.488 0.48 0.48 0.48 0.492 0.488 0.48 0.48 0.484 0.484 0.488 0.492 0.5 0.492 0.492 0.488 0.484 
0.555 0.57 0.59 0.586 0.582 0.574 0.578 0.563 0.563 0.566 0.527 0.527 0.543 0.547 0.59 0.617 0.629 0.629 0.602 0.57 0.543 0.527 0.516 0.516 0.512 0.512 0.508 0.504 0.5 0.5 0.5 0.508 0.504 0.492 0.5 0.5 0.5 0.492 0.492 0.492 0.492 0.484 0.488 0.488 0.484 0.473 0.48 0.484 0.488 0.5 0.492 0.5 0.504 0.508 0.508 0.504 0.5 0.5 0.5 0.492 0.5 0.508 0.504 0.5 0.492 0.492 0.5 0.5 0.5 0.484 0.492 0.492 0.5 0.5 0.488 0.492 0.492 0.488 0.488 0.484 0.484 0.484 0.484 0.488 0.484 0.484 0.492 0.508 0.488 0.48 0.484 0.492 0.492 0.492 0.492 0.484 0.488 0.492 0.492 0.492 
0.559 0.535 0.555 0.531 0.547 0.547 0.539 0.527 0.547 0.523 0.531 0.547 0.598 0.613 0.609 0.605 0.574 0.543 0.531 0.531 0.52 0.516 0.512 0.508 0.504 0.508 0.508 0.504 0.5 0.492 0.492 0.5 0.504 0.5 0.5 0.492 0.492 0.5 0.488 0.488 0.488 0.488 0.48 0.469 0.473 0.477 0.488 0.492 0.5 0.504 0.504 0.508 0.504 0.508 0.504 0.5 0.492 0.492 0.508 0.504 0.512 0.508 0.504 0.5 0.492 0.488 0.484 0.484 0.484 0.488 0.492 0.492 0.492 0.5 0.488 0.484 0.48 0.477 0.488 0.48 0.48 0.484 0.484 0.484 0.488 0.492 0.5 0.484 0.484 0.488 0.492 0.492 0.488 0.484 0.488 0.492 0.504 0.504 0.488 0.484 
0.559 0.527 0.535 0.523 0.531 0.535 0.523 0.535 0.574 0.582 0.617 0.621 0.602 0.566 0.535 0.523 0.516 0.512 0.516 0.52 0.516 0.512 0.504 0.504 0.508 0.512 0.508 0.504 0.492 0.488 0.492 0.5 0.504 0.504 0.5 0.492 0.492 0.492 0.492 0.488 0.484 0.477 0.473 0.469 0.477 0.484 0.5 0.5 0.5 0.512 0.508 0.504 0.508 0.508 0.504 0.492 0.488 0.492 0.504 0.504 0.504 0.5 0.492 0.492 0.488 0.484 0.484 0.488 0.488 0.492 0.504 0.5 0.492 0.492 0.484 0.484 0.484 0.488 0.488 0.484 0.48 0.48 0.48 0.488 0.492 0.5 0.492 0.484 0.488 0.492 0.492 0.484 0.484 0.484 0.484 0.484 0.488 0.488 0.477 0.477 
0.57 0.559 0.535 0.547 0.574 0.578 0.605 0.625 0.637 0.617 0.586 0.555 0.531 0.516 0.516 0.52 0.516 0.516 0.52 0.52 0.516 0.512 0.512 0.512 0.52 0.516 0.512 0.508 0.504 0.504 0.508 0.512 0.516 0.516 0.5 0.492 0.492 0.492 0.492 0.488 0.484 0.477 0.48 0.484 0.488 0.492 0.5 0.504 0.508 0.512 0.508 0.504 0.5 0.492 0.492 0.488 0.492 0.5 0.504 0.504 0.5 0.5 0.492 0.488 0.488 0.488 0.484 0.488 0.488 0.492 0.5 0.492 0.488 0.484 0.488 0.484 0.488 0.504 0.492 0.484 0.484 0.48 0.488 0.492 0.504 0.488 0.484 0.484 0.484 0.484 0.492 0.484 0.48 0.48 0.48 0.48 0.477 0.473 0.469 0.473 
0.559 0.559 0.574 0.613 0.648 0.625 0.617 0.59 0.559 0.531 0.52 0.516 0.52 0.516 0.52 0.52 0.516 0.516 0.516 0.516 0.516 0.516 0.516 0.52 0.527 0.523 0.523 0.531 0.52 0.504 0.504 0.512 0.516 0.512 0.504 0.5 0.488 0.484 0.48 0.473 0.477 0.488 0.488 0.492 0.492 0.508 0.508 0.512 0.512 0.504 0.5 0.492 0.488 0.488 0.488 0.488 0.5 0.504 0.508 0.504 0.492 0.5 0.492 0.488 0.484 0.484 0.488 0.488 0.488 0.492 0.5 0.492 0.488 0.488 0.488 0.488 0.488 0.492 0.492 0.488 0.488 0.488 0.488 0.492 0.488 0.484 0.484 0.488 0.48 0.477 0.48 0.477 0.473 0.469 0.473 0.48 0.477 0.465 0.465 0.473 
0.602 0.621 0.629 0.617 0.582 0.535 0.516 0.504 0.508 0.512 0.516 0.516 0.516 0.516 0.512 0.508 0.512 0.516 0.516 0.516 0.52 0.516 0.512 0.512 0.516 0.52 0.504 0.504 0.504 0.492 0.504 0.508 0.508 0.512 0.508 0.5 0.488 0.484 0.48 0.48 0.488 0.492 0.488 0.488 0.504 0.512 0.512 0.523 0.512 0.5 0.5 0.492 0.488 0.5 0.508 0.508 0.508 0.512 0.512 0.504 0.492 0.488 0.488 0.484 0.488 0.488 0.488 0.484 0.488 0.492 0.488 0.488 0.488 0.492 0.5 0.5 0.492 0.492 0.492 0.492 0.492 0.492 0.484 0.484 0.484 0.48 0.484 0.484 0.484 0.492 0.465 0.465 0.469 0.469 0.465 0.477 0.48 0.469 0.469 0.473 
0.617 0.586 0.539 0.516 0.504 0.5 0.504 0.512 0.52 0.516 0.516 0.516 0.512 0.512 0.512 0.512 0.516 0.523 0.523 0.52 0.52 0.523 0.52 0.516 0.516 0.512 0.492 0.488 0.492 0.504 0.504 0.512 0.512 0.512 0.5 0.492 0.484 0.484 0.488 0.492 0.488 0.492 0.492 0.492 0.504 0.508 0.52 0.531 0.512 0.504 0.492 0.492 0.492 0.504 0.512 0.508 0.508 0.504 0.504 0.5 0.488 0.48 0.484 0.484 0.488 0.492 0.484 0.484 0.488 0.484 0.484 0.484 0.488 0.492 0.5 0.504 0.504 0.5 0.5 0.504 0.492 0.48 0.477 0.477 0.48 0.48 0.477 0.473 0.473 0.469 0.461 0.461 0.457 0.461 0.465 0.48 0.473 0.473 0.469 0.473 
0.512 0.5 0.5 0.5 0.5 0.504 0.508 0.508 0.512 0.516 0.516 0.516 0.516 0.516 0.52 0.523 0.531 0.539 0.535 0.523 0.523 0.523 0.523 0.516 0.512 0.5 0.492 0.5 0.504 0.512 0.508 0.508 0.504 0.508 0.5 0.488 0.492 0.5 0.504 0.508 0.504 0.504 0.5 0.5 0.5 0.504 0.504 0.504 0.488 0.484 0.488 0.5 0.504 0.5 0.504 0.504 0.5 0.488 0.484 0.48 0.477 0.477 0.484 0.488 0.488 0.488 0.484 0.488 0.488 0.488 0.492 0.492 0.492 0.5 0.5 0.5 0.504 0.504 0.5 0.492 0.484 0.477 0.477 0.48 0.48 0.477 0.461 0.457 0.457 0.457 0.457 0.457 0.453 0.465 0.465 0.473 0.469 0.457 0.453 0.453 
0.492 0.492 0.5 0.504 0.504 0.508 0.504 0.504 0.508 0.512 0.516 0.52 0.52 0.52 0.523 0.527 0.531 0.531 0.523 0.52 0.52 0.516 0.512 0.516 0.508 0.492 0.5 0.508 0.512 0.512 0.508 0.508 0.516 0.52 0.508 0.492 0.5 0.504 0.512 0.52 0.512 0.508 0.5 0.5 0.5 0.504 0.492 0.484 0.48 0.484 0.488 0.492 0.5 0.504 0.504 0.5 0.504 0.488 0.477 0.469 0.473 0.48 0.484 0.484 0.48 0.484 0.488 0.488 0.484 0.492 0.5 0.5 0.492 0.492 0.5 0.5 0.5 0.5 0.492 0.484 0.477 0.484 0.484 0.48 0.461 0.453 0.449 0.449 0.453 0.461 0.445 0.445 0.449 0.469 0.473 0.457 0.441 0.441 0.449 0.445 
0.5 0.5 0.5 0.508 0.508 0.512 0.512 0.504 0.512 0.52 0.523 0.523 0.52 0.52 0.527 0.531 0.531 0.527 0.523 0.52 0.516 0.516 0.516 0.52 0.504 0.504 0.508 0.512 0.516 0.516 0.508 0.508 0.508 0.512 0.504 0.504 0.508 0.5 0.508 0.512 0.508 0.504 0.512 0.512 0.508 0.504 0.492 0.484 0.484 0.48 0.48 0.492 0.512 0.52 0.512 0.508 0.5 0.484 0.473 0.469 0.477 0.48 0.48 0.48 0.477 0.48 0.48 0.484 0.488 0.488 0.484 0.484 0.488 0.488 0.488 0.5 0.492 0.488 0.492 0.477 0.477 0.477 0.465 0.457 0.445 0.438 0.441 0.441 0.441 0.441 0.441 0.453 0.461 0.453 0.438 0.43 0.418 0.43 0.441 0.434 
0.5 0.492 0.504 0.508 0.508 0.516 0.516 0.523 0.523 0.527 0.523 0.527 0.527 0.527 0.527 0.527 0.531 0.527 0.523 0.52 0.52 0.512 0.516 0.516 0.508 0.508 0.512 0.516 0.516 0.508 0.504 0.508 0.512 0.508 0.512 0.512 0.508 0.5 0.504 0.5 0.5 0.512 0.512 0.512 0.508 0.504 0.492 0.492 0.5 0.488 0.48 0.5 0.52 0.508 0.5 0.488 0.477 0.477 0.48 0.48 0.48 0.477 0.473 0.473 0.473 0.477 0.484 0.488 0.484 0.473 0.469 0.477 0.484 0.484 0.48 0.48 0.48 0.484 0.477 0.473 0.461 0.453 0.449 0.445 0.445 0.438 0.438 0.43 0.426 0.438 0.453 0.465 0.445 0.426 0.414 0.406 0.414 0.43 0.438 0.438 
0.504 0.504 0.508 0.512 0.512 0.516 0.52 0.531 0.527 0.527 0.531 0.527 0.527 0.523 0.52 0.52 0.527 0.523 0.52 0.52 0.516 0.512 0.516 0.523 0.512 0.512 0.52 0.52 0.516 0.508 0.5 0.508 0.508 0.5 0.504 0.504 0.504 0.504 0.504 0.5 0.504 0.512 0.508 0.508 0.508 0.504 0.504 0.508 0.516 0.508 0.488 0.488 0.492 0.488 0.477 0.473 0.477 0.477 0.477 0.477 0.473 0.469 0.469 0.469 0.477 0.48 0.484 0.484 0.48 0.457 0.441 0.453 0.469 0.473 0.477 0.48 0.48 0.477 0.461 0.457 0.453 0.445 0.438 0.438 0.434 0.426 0.422 0.418 0.426 0.441 0.434 0.43 0.422 0.418 0.426 0.426 0.434 0.445 0.449 0.449 
0.508 0.508 0.508 0.516 0.52 0.52 0.52 0.523 0.527 0.531 0.535 0.527 0.527 0.523 0.523 0.523 0.523 0.523 0.523 0.527 0.523 0.512 0.508 0.516 0.516 0.516 0.52 0.52 0.52 0.512 0.504 0.512 0.504 0.5 0.512 0.523 0.523 0.512 0.508 0.508 0.504 0.508 0.504 0.504 0.508 0.508 0.508 0.508 0.512 0.508 0.5 0.488 0.484 0.484 0.477 0.477 0.477 0.48 0.477 0.473 0.48 0.477 0.469 0.469 0.473 0.473 0.473 0.469 0.469 0.453 0.438 0.438 0.453 0.461 0.465 0.465 0.469 0.465 0.445 0.445 0.445 0.434 0.438 0.434 0.426 0.418 0.418 0.426 0.426 0.422 0.422 0.434 0.434 0.434 0.441 0.445 0.445 0.445 0.449 0.453 
0.512 0.512 0.516 0.52 0.52 0.52 0.523 0.523 0.527 0.527 0.531 0.527 0.527 0.523 0.527 0.531 0.531 0.531 0.527 0.527 0.523 0.516 0.52 0.531 0.527 0.523 0.527 0.52 0.512 0.508 0.508 0.508 0.5 0.508 0.531 0.535 0.516 0.512 0.504 0.504 0.508 0.504 0.5 0.508 0.508 0.512 0.512 0.508 0.508 0.504 0.504 0.492 0.488 0.484 0.488 0.48 0.477 0.477 0.477 0.477 0.469 0.469 0.477 0.469 0.465 0.469 0.465 0.461 0.461 0.453 0.445 0.441 0.449 0.453 0.445 0.445 0.445 0.445 0.441 0.438 0.441 0.445 0.445 0.441 0.43 0.422 0.418 0.422 0.43 0.438 0.441 0.449 0.449 0.445 0.441 0.449 0.453 0.449 0.457 0.465 
0.516 0.527 0.527 0.523 0.523 0.523 0.523 0.523 0.523 0.527 0.531 0.535 0.535 0.535 0.535 0.531 0.531 0.527 0.523 0.523 0.52 0.52 0.531 0.535 0.531 0.539 0.539 0.523 0.508 0.504 0.508 0.504 0.504 0.508 0.512 0.508 0.504 0.508 0.508 0.508 0.512 0.504 0.5 0.504 0.504 0.508 0.504 0.504 0.504 0.5 0.5 0.5 0.488 0.484 0.48 0.477 0.469 0.469 0.465 0.465 0.461 0.461 0.457 0.449 0.445 0.445 0.449 0.445 0.445 0.445 0.445 0.445 0.441 0.438 0.438 0.438 0.445 0.441 0.445 0.453 0.449 0.449 0.449 0.445 0.441 0.438 0.438 0.441 0.445 0.441 0.438 0.441 0.445 0.445 0.445 0.449 0.457 0.461 0.461 0.465 
0.52 0.527 0.523 0.527 0.527 0.527 0.531 0.531 0.531 0.535 0.535 0.535 0.531 0.535 0.535 0.531 0.527 0.535 0.527 0.516 0.512 0.52 0.527 0.531 0.535 0.535 0.531 0.523 0.512 0.504 0.508 0.512 0.508 0.516 0.508 0.492 0.492 0.492 0.504 0.5 0.488 0.488 0.488 0.492 0.492 0.504 0.504 0.492 0.492 0.484 0.48 0.477 0.469 0.473 0.469 0.461 0.457 0.457 0.453 0.449 0.449 0.445 0.441 0.441 0.434 0.43 0.438 0.445 0.445 0.445 0.441 0.441 0.441 0.445 0.445 0.441 0.449 0.453 0.453 0.453 0.453 0.449 0.449 0.449 0.445 0.434 0.438 0.441 0.43 0.426 0.43 0.438 0.438 0.438 0.445 0.441 0.445 0.449 0.453 0.457 
0.52 0.516 0.523 0.523 0.523 0.52 0.523 0.527 0.527 0.531 0.535 0.539 0.539 0.543 0.535 0.531 0.527 0.523 0.523 0.516 0.516 0.52 0.531 0.539 0.531 0.52 0.512 0.52 0.512 0.516 0.512 0.504 0.5 0.504 0.5 0.488 0.488 0.488 0.488 0.484 0.48 0.484 0.484 0.488 0.48 0.477 0.469 0.465 0.473 0.469 0.453 0.449 0.449 0.449 0.449 0.445 0.445 0.445 0.449 0.449 0.445 0.449 0.449 0.457 0.445 0.441 0.445 0.457 0.457 0.449 0.449 0.449 0.453 0.461 0.457 0.449 0.445 0.445 0.453 0.445 0.445 0.445 0.441 0.434 0.426 0.422 0.43 0.426 0.422 0.418 0.426 0.422 0.426 0.422 0.426 0.426 0.426 0.43 0.438 0.449 
0.523 0.523 0.527 0.535 0.527 0.52 0.523 0.527 0.535 0.535 0.543 0.543 0.543 0.535 0.535 0.535 0.527 0.52 0.516 0.512 0.516 0.52 0.527 0.52 0.516 0.512 0.512 0.516 0.516 0.523 0.52 0.504 0.488 0.488 0.488 0.488 0.484 0.484 0.48 0.473 0.473 0.484 0.473 0.461 0.457 0.449 0.445 0.449 0.453 0.449 0.441 0.441 0.438 0.445 0.445 0.449 0.453 0.449 0.449 0.453 0.449 0.449 0.453 0.461 0.457 0.465 0.465 0.473 0.473 0.461 0.453 0.449 0.449 0.449 0.449 0.445 0.441 0.441 0.438 0.434 0.43 0.422 0.418 0.41 0.414 0.422 0.422 0.406 0.402 0.402 0.406 0.406 0.414 0.414 0.418 0.422 0.426 0.426 0.438 0.449 
0.52 0.527 0.535 0.531 0.523 0.52 0.52 0.523 0.531 0.531 0.531 0.535 0.531 0.523 0.527 0.527 0.523 0.516 0.52 0.516 0.508 0.512 0.516 0.512 0.512 0.52 0.516 0.508 0.52 0.527 0.512 0.492 0.488 0.48 0.48 0.48 0.473 0.469 0.461 0.457 0.461 0.465 0.457 0.445 0.445 0.445 0.441 0.449 0.453 0.453 0.449 0.449 0.449 0.449 0.453 0.453 0.449 0.449 0.453 0.453 0.453 0.453 0.461 0.461 0.461 0.457 0.441 0.445 0.449 0.441 0.438 0.445 0.438 0.441 0.438 0.43 0.422 0.422 0.418 0.418 0.414 0.402 0.398 0.391 0.387 0.391 0.402 0.395 0.395 0.402 0.402 0.398 0.398 0.406 0.414 0.41 0.422 0.43 0.445 0.445 
0.523 0.523 0.523 0.523 0.52 0.523 0.523 0.52 0.52 0.523 0.52 0.52 0.516 0.516 0.516 0.516 0.516 0.512 0.52 0.516 0.504 0.5 0.492 0.504 0.516 0.512 0.5 0.484 0.492 0.492 0.488 0.48 0.473 0.461 0.465 0.469 0.469 0.457 0.449 0.453 0.461 0.453 0.449 0.465 0.461 0.457 0.457 0.461 0.449 0.445 0.441 0.441 0.445 0.449 0.457 0.449 0.445 0.449 0.445 0.445 0.449 0.438 0.438 0.434 0.438 0.438 0.43 0.418 0.41 0.398 0.41 0.43 0.422 0.422 0.414 0.406 0.406 0.406 0.402 0.398 0.398 0.398 0.391 0.379 0.375 0.387 0.391 0.391 0.395 0.391 0.395 0.395 0.398 0.398 0.402 0.41 0.426 0.445 0.441 0.418 
0.523 0.523 0.516 0.516 0.512 0.52 0.523 0.52 0.516 0.523 0.523 0.52 0.512 0.512 0.512 0.5 0.492 0.5 0.512 0.508 0.492 0.488 0.484 0.492 0.484 0.484 0.488 0.484 0.48 0.477 0.477 0.48 0.477 0.473 0.477 0.469 0.465 0.461 0.457 0.457 0.469 0.465 0.449 0.461 0.465 0.461 0.453 0.449 0.441 0.441 0.441 0.441 0.445 0.441 0.441 0.441 0.438 0.43 0.422 0.422 0.426 0.426 0.43 0.438 0.43 0.418 0.418 0.402 0.391 0.375 0.391 0.406 0.402 0.398 0.387 0.383 0.391 0.395 0.387 0.391 0.391 0.391 0.387 0.387 0.391 0.391 0.387 0.383 0.387 0.387 0.391 0.395 0.402 0.406 0.418 0.43 0.445 0.445 0.438 0.449 
0.523 0.516 0.512 0.504 0.504 0.512 0.523 0.512 0.504 0.512 0.508 0.5 0.5 0.5 0.488 0.48 0.488 0.488 0.488 0.488 0.477 0.473 0.469 0.469 0.465 0.48 0.477 0.473 0.484 0.477 0.473 0.48 0.48 0.484 0.48 0.473 0.473 0.469 0.465 0.473 0.477 0.473 0.457 0.457 0.453 0.445 0.438 0.422 0.426 0.426 0.426 0.422 0.422 0.418 0.414 0.418 0.426 0.414 0.414 0.418 0.43 0.426 0.414 0.414 0.406 0.398 0.402 0.398 0.395 0.383 0.391 0.395 0.387 0.387 0.383 0.391 0.391 0.383 0.395 0.402 0.391 0.387 0.391 0.395 0.398 0.395 0.387 0.387 0.41 0.434 0.449 0.477 0.5 0.523 0.547 0.574 0.598 0.602 0.613 0.641 
0.504 0.492 0.492 0.492 0.488 0.508 0.527 0.508 0.488 0.48 0.484 0.484 0.484 0.477 0.477 0.477 0.484 0.484 0.477 0.473 0.469 0.465 0.461 0.457 0.469 0.469 0.465 0.473 0.48 0.477 0.465 0.465 0.469 0.461 0.473 0.465 0.453 0.457 0.457 0.465 0.461 0.449 0.441 0.438 0.426 0.426 0.426 0.41 0.414 0.41 0.414 0.41 0.406 0.41 0.406 0.402 0.406 0.398 0.41 0.41 0.406 0.398 0.395 0.387 0.387 0.391 0.391 0.383 0.383 0.387 0.383 0.391 0.391 0.398 0.402 0.418 0.418 0.418 0.441 0.457 0.465 0.477 0.504 0.523 0.535 0.523 0.465 0.457 0.559 0.625 0.648 0.668 0.68 0.688 0.699 0.703 0.703 0.699 0.703 0.715 
0.465 0.469 0.473 0.477 0.473 0.48 0.5 0.488 0.473 0.473 0.473 0.48 0.484 0.469 0.477 0.488 0.504 0.484 0.473 0.473 0.469 0.473 0.469 0.465 0.469 0.473 0.473 0.469 0.465 0.465 0.469 0.465 0.453 0.457 0.457 0.445 0.434 0.43 0.43 0.426 0.422 0.414 0.414 0.418 0.41 0.406 0.414 0.418 0.418 0.406 0.41 0.406 0.406 0.402 0.398 0.395 0.395 0.391 0.395 0.398 0.398 0.398 0.395 0.402 0.402 0.406 0.414 0.414 0.418 0.434 0.453 0.484 0.512 0.531 0.547 0.578 0.609 0.625 0.641 0.668 0.684 0.688 0.699 0.699 0.691 0.66 0.531 0.52 0.637 0.691 0.707 0.711 0.711 0.707 0.719 0.719 0.715 0.715 0.719 0.719 
0.449 0.449 0.453 0.457 0.461 0.465 0.473 0.469 0.461 0.473 0.473 0.473 0.477 0.473 0.484 0.488 0.488 0.469 0.465 0.465 0.465 0.465 0.465 0.465 0.465 0.465 0.449 0.445 0.449 0.441 0.441 0.434 0.434 0.434 0.426 0.422 0.41 0.402 0.41 0.414 0.418 0.41 0.414 0.418 0.406 0.402 0.41 0.41 0.41 0.406 0.41 0.414 0.418 0.418 0.422 0.426 0.434 0.453 0.477 0.5 0.52 0.539 0.559 0.582 0.59 0.602 0.617 0.637 0.648 0.672 0.699 0.703 0.711 0.73 0.73 0.738 0.742 0.746 0.742 0.746 0.746 0.758 0.742 0.738 0.738 0.707 0.637 0.637 0.691 0.711 0.727 0.719 0.707 0.707 0.719 0.73 0.734 0.727 0.73 0.738 
0.457 0.453 0.453 0.465 0.473 0.469 0.469 0.461 0.461 0.461 0.461 0.465 0.492 0.492 0.48 0.473 0.461 0.461 0.461 0.465 0.465 0.461 0.457 0.465 0.453 0.445 0.434 0.434 0.43 0.418 0.41 0.41 0.418 0.418 0.414 0.422 0.414 0.406 0.406 0.41 0.426 0.426 0.422 0.426 0.426 0.434 0.445 0.461 0.484 0.512 0.527 0.543 0.566 0.598 0.625 0.645 0.668 0.699 0.727 0.738 0.754 0.754 0.762 0.766 0.762 0.77 0.766 0.758 0.762 0.777 0.785 0.77 0.766 0.781 0.766 0.758 0.758 0.777 0.785 0.793 0.77 0.781 0.777 0.766 0.766 0.734 0.691 0.699 0.727 0.742 0.746 0.734 0.719 0.73 0.738 0.742 0.754 0.754 0.758 0.762 
0.465 0.465 0.465 0.465 0.469 0.469 0.473 0.457 0.449 0.449 0.449 0.461 0.473 0.473 0.469 0.465 0.465 0.469 0.465 0.457 0.449 0.449 0.445 0.449 0.453 0.441 0.426 0.414 0.418 0.422 0.418 0.418 0.422 0.43 0.438 0.469 0.477 0.473 0.484 0.52 0.547 0.559 0.582 0.617 0.629 0.645 0.66 0.68 0.688 0.688 0.699 0.715 0.738 0.754 0.758 0.762 0.77 0.77 0.777 0.781 0.793 0.809 0.793 0.801 0.809 0.809 0.801 0.785 0.785 0.805 0.801 0.801 0.781 0.789 0.781 0.77 0.766 0.758 0.762 0.777 0.758 0.754 0.746 0.742 0.734 0.719 0.684 0.68 0.727 0.738 0.738 0.738 0.734 0.738 0.742 0.742 0.742 0.738 0.734 0.738 
0.457 0.457 0.457 0.461 0.469 0.469 0.457 0.445 0.449 0.453 0.453 0.453 0.457 0.465 0.473 0.469 0.477 0.477 0.469 0.461 0.461 0.449 0.441 0.438 0.441 0.441 0.453 0.473 0.488 0.508 0.531 0.547 0.563 0.59 0.629 0.652 0.656 0.668 0.684 0.703 0.711 0.727 0.727 0.742 0.742 0.746 0.754 0.758 0.766 0.754 0.762 0.762 0.766 0.777 0.785 0.785 0.785 0.789 0.785 0.781 0.781 0.785 0.785 0.781 0.777 0.777 0.766 0.762 0.77 0.789 0.781 0.77 0.762 0.762 0.762 0.77 0.766 0.746 0.746 0.742 0.734 0.73 0.73 0.73 0.727 0.727 0.703 0.676 0.719 0.719 0.719 0.719 0.719 0.719 0.73 0.727 0.727 0.719 0.719 0.727 
0.449 0.457 0.457 0.457 0.469 0.461 0.457 0.453 0.461 0.465 0.469 0.488 0.488 0.488 0.504 0.504 0.508 0.516 0.523 0.543 0.547 0.563 0.57 0.563 0.59 0.613 0.629 0.656 0.688 0.703 0.711 0.73 0.73 0.734 0.746 0.754 0.758 0.758 0.762 0.766 0.777 0.789 0.789 0.785 0.785 0.789 0.789 0.777 0.766 0.766 0.77 0.777 0.777 0.77 0.777 0.781 0.781 0.77 0.766 0.762 0.762 0.758 0.762 0.762 0.758 0.754 0.758 0.754 0.758 0.758 0.746 0.746 0.754 0.758 0.758 0.754 0.754 0.738 0.746 0.738 0.734 0.734 0.734 0.742 0.742 0.734 0.711 0.672 0.711 0.727 0.73 0.738 0.738 0.734 0.738 0.734 0.727 0.719 0.719 0.73 
0.48 0.48 0.48 0.492 0.508 0.516 0.523 0.547 0.57 0.582 0.625 0.668 0.668 0.66 0.668 0.68 0.68 0.691 0.711 0.727 0.73 0.727 0.73 0.73 0.746 0.754 0.754 0.746 0.754 0.758 0.754 0.762 0.762 0.766 0.766 0.766 0.766 0.762 0.766 0.766 0.77 0.777 0.77 0.762 0.766 0.766 0.77 0.781 0.777 0.766 0.777 0.789 0.785 0.781 0.777 0.781 0.777 0.77 0.77 0.766 0.758 0.758 0.766 0.762 0.758 0.754 0.754 0.746 0.746 0.746 0.742 0.746 0.754 0.746 0.754 0.754 0.746 0.746 0.758 0.746 0.746 0.742 0.758 0.766 0.762 0.754 0.734 0.688 0.738 0.738 0.742 0.758 0.746 0.746 0.742 0.742 0.738 0.738 0.734 0.738 
0.641 0.652 0.668 0.688 0.711 0.715 0.727 0.742 0.742 0.758 0.777 0.766 0.766 0.762 0.762 0.754 0.746 0.754 0.758 0.758 0.758 0.758 0.758 0.754 0.762 0.766 0.762 0.758 0.762 0.77 0.766 0.762 0.758 0.754 0.754 0.762 0.758 0.762 0.777 0.789 0.789 0.785 0.781 0.77 0.762 0.766 0.781 0.785 0.781 0.77 0.777 0.777 0.777 0.77 0.77 0.777 0.777 0.781 0.781 0.777 0.762 0.754 0.758 0.754 0.758 0.742 0.738 0.746 0.746 0.758 0.77 0.781 0.785 0.777 0.762 0.758 0.762 0.762 0.762 0.758 0.762 0.762 0.77 0.766 0.758 0.762 0.746 0.715 0.746 0.754 0.754 0.758 0.762 0.746 0.742 0.734 0.73 0.727 0.727 0.727 
0.793 0.793 0.781 0.777 0.758 0.746 0.758 0.762 0.758 0.762 0.762 0.762 0.758 0.758 0.762 0.766 0.766 0.766 0.766 0.77 0.781 0.777 0.77 0.762 0.766 0.766 0.758 0.746 0.754 0.758 0.746 0.746 0.758 0.762 0.766 0.785 0.801 0.793 0.809 0.828 0.828 0.809 0.801 0.785 0.777 0.785 0.781 0.785 0.777 0.766 0.766 0.754 0.742 0.742 0.742 0.746 0.742 0.742 0.738 0.742 0.742 0.746 0.746 0.762 0.762 0.762 0.77 0.777 0.777 0.77 0.781 0.809 0.816 0.789 0.785 0.781 0.777 0.777 0.77 0.762 0.758 0.762 0.758 0.754 0.742 0.738 0.73 0.684 0.707 0.719 0.719 0.727 0.727 0.719 0.719 0.727 0.73 0.727 0.719 0.715 
0.793 0.793 0.781 0.77 0.762 0.762 0.77 0.77 0.766 0.762 0.762 0.766 0.762 0.766 0.77 0.777 0.766 0.762 0.762 0.777 0.762 0.766 0.77 0.785 0.789 0.766 0.754 0.746 0.762 0.766 0.758 0.754 0.762 0.777 0.785 0.801 0.801 0.789 0.781 0.781 0.781 0.777 0.781 0.77 0.762 0.754 0.746 0.742 0.738 0.738 0.734 0.734 0.719 0.719 0.73 0.734 0.742 0.746 0.754 0.762 0.766 0.781 0.785 0.793 0.785 0.777 0.785 0.777 0.766 0.766 0.77 0.77 0.77 0.762 0.766 0.766 0.758 0.754 0.754 0.746 0.742 0.738 0.73 0.73 0.727 0.719 0.711 0.668 0.684 0.707 0.715 0.715 0.711 0.715 0.719 0.727 0.719 0.727 0.727 0.727 
0.781 0.785 0.781 0.77 0.777 0.781 0.777 0.77 0.766 0.766 0.77 0.766 0.766 0.77 0.77 0.77 0.777 0.77 0.77 0.785 0.777 0.777 0.781 0.789 0.781 0.77 0.762 0.762 0.762 0.758 0.762 0.758 0.762 0.77 0.766 0.777 0.777 0.777 0.77 0.746 0.742 0.742 0.746 0.746 0.742 0.742 0.754 0.754 0.754 0.754 0.758 0.762 0.766 0.758 0.758 0.758 0.762 0.766 0.777 0.805 0.805 0.793 0.801 0.785 0.777 0.762 0.762 0.762 0.758 0.766 0.766 0.754 0.766 0.781 0.77 0.762 0.754 0.746 0.738 0.738 0.738 0.734 0.727 0.719 0.719 0.719 0.711 0.684 0.688 0.719 0.727 0.738 0.738 0.742 0.742 0.746 0.738 0.734 0.73 0.738 
0.785 0.781 0.781 0.781 0.777 0.789 0.789 0.789 0.789 0.801 0.789 0.785 0.793 0.789 0.781 0.781 0.785 0.781 0.785 0.785 0.777 0.77 0.77 0.781 0.785 0.781 0.781 0.777 0.758 0.754 0.77 0.781 0.781 0.781 0.77 0.77 0.77 0.762 0.758 0.746 0.746 0.746 0.742 0.746 0.746 0.758 0.785 0.781 0.777 0.785 0.793 0.785 0.785 0.789 0.781 0.77 0.77 0.785 0.789 0.789 0.781 0.781 0.77 0.766 0.758 0.746 0.746 0.754 0.746 0.754 0.746 0.738 0.742 0.754 0.758 0.754 0.754 0.758 0.746 0.742 0.742 0.742 0.746 0.746 0.754 0.746 0.738 0.715 0.707 0.754 0.746 0.746 0.754 0.754 0.754 0.762 0.746 0.734 0.73 0.734 
0.789 0.785 0.789 0.789 0.789 0.793 0.785 0.789 0.805 0.801 0.789 0.785 0.785 0.785 0.785 0.793 0.789 0.785 0.77 0.766 0.762 0.758 0.758 0.766 0.777 0.762 0.766 0.77 0.758 0.758 0.762 0.777 0.77 0.766 0.766 0.762 0.762 0.766 0.766 0.766 0.781 0.777 0.77 0.77 0.77 0.777 0.781 0.789 0.801 0.801 0.805 0.789 0.785 0.781 0.777 0.777 0.77 0.777 0.777 0.77 0.777 0.777 0.77 0.758 0.754 0.758 0.766 0.77 0.754 0.746 0.758 0.758 0.715 0.715 0.777 0.781 0.781 0.785 0.77 0.746 0.742 0.742 0.762 0.758 0.754 0.754 0.742 0.711 0.703 0.746 0.742 0.742 0.746 0.742 0.734 0.73 0.73 0.719 0.711 0.715 
0.789 0.793 0.793 0.789 0.785 0.781 0.777 0.777 0.777 0.785 0.781 0.785 0.777 0.777 0.781 0.781 0.77 0.766 0.762 0.762 0.758 0.758 0.758 0.746 0.754 0.758 0.762 0.766 0.77 0.77 0.762 0.766 0.77 0.77 0.781 0.785 0.781 0.781 0.777 0.777 0.781 0.785 0.785 0.777 0.781 0.785 0.781 0.781 0.785 0.781 0.781 0.777 0.777 0.785 0.785 0.777 0.777 0.781 0.77 0.766 0.77 0.77 0.762 0.754 0.738 0.742 0.746 0.746 0.742 0.754 0.766 0.762 0.754 0.758 0.777 0.781 0.77 0.777 0.77 0.77 0.77 0.77 0.777 0.77 0.754 0.758 0.738 0.711 0.703 0.734 0.738 0.734 0.738 0.734 0.73 0.727 0.73 0.73 0.719 0.719 
0.766 0.762 0.762 0.758 0.758 0.754 0.746 0.754 0.754 0.766 0.766 0.766 0.77 0.77 0.762 0.766 0.762 0.766 0.77 0.777 0.77 0.777 0.781 0.77 0.777 0.77 0.766 0.766 0.77 0.77 0.766 0.766 0.77 0.777 0.766 0.77 0.766 0.762 0.754 0.762 0.766 0.781 0.785 0.777 0.789 0.789 0.793 0.789 0.777 0.777 0.77 0.766 0.777 0.777 0.766 0.758 0.746 0.746 0.746 0.742 0.738 0.738 0.742 0.738 0.742 0.746 0.746 0.746 0.754 0.758 0.77 0.77 0.766 0.766 0.77 0.766 0.762 0.766 0.762 0.77 0.766 0.762 0.766 0.762 0.742 0.742 0.734 0.715 0.703 0.727 0.738 0.73 0.734 0.719 0.719 0.73 0.727 0.727 0.73 0.727 
0.738 0.742 0.746 0.754 0.758 0.758 0.754 0.754 0.758 0.766 0.762 0.766 0.77 0.77 0.766 0.777 0.777 0.77 0.77 0.777 0.766 0.77 0.77 0.77 0.777 0.766 0.754 0.754 0.762 0.758 0.758 0.758 0.754 0.754 0.754 0.754 0.758 0.762 0.766 0.758 0.766 0.77 0.77 0.77 0.77 0.762 0.762 0.762 0.742 0.73 0.727 0.73 0.73 0.734 0.734 0.734 0.738 0.742 0.742 0.742 0.738 0.746 0.762 0.77 0.766 0.766 0.758 0.762 0.762 0.758 0.758 0.762 0.766 0.766 0.758 0.77 0.766 0.758 0.754 0.754 0.758 0.766 0.762 0.754 0.746 0.738 0.734 0.719 0.691 0.73 0.754 0.754 0.742 0.734 0.738 0.742 0.738 0.738 0.734 0.734 
0.758 0.766 0.766 0.766 0.762 0.766 0.758 0.754 0.758 0.77 0.77 0.781 0.777 0.766 0.762 0.766 0.766 0.766 0.766 0.766 0.77 0.777 0.777 0.781 0.785 0.785 0.77 0.766 0.77 0.777 0.777 0.781 0.781 0.77 0.77 0.77 0.766 0.758 0.758 0.746 0.746 0.742 0.742 0.742 0.746 0.742 0.738 0.73 0.734 0.742 0.746 0.746 0.758 0.758 0.758 0.758 0.758 0.758 0.758 0.758 0.754 0.746 0.758 0.777 0.77 0.77 0.762 0.762 0.766 0.77 0.762 0.766 0.77 0.77 0.77 0.781 0.785 0.77 0.766 0.77 0.777 0.777 0.766 0.766 0.766 0.754 0.746 0.734 0.699 0.738 0.754 0.754 0.746 0.742 0.742 0.742 0.742 0.738 0.738 0.734 
0.766 0.77 0.77 0.77 0.77 0.766 0.777 0.777 0.785 0.801 0.805 0.816 0.809 0.801 0.801 0.785 0.777 0.789 0.781 0.781 0.781 0.785 0.785 0.785 0.789 0.785 0.77 0.758 0.758 0.77 0.766 0.758 0.758 0.754 0.754 0.754 0.746 0.742 0.746 0.754 0.758 0.746 0.746 0.754 0.746 0.742 0.738 0.738 0.746 0.758 0.762 0.77 0.77 0.766 0.77 0.766 0.758 0.762 0.762 0.762 0.766 0.762 0.754 0.758 0.762 0.758 0.762 0.762 0.762 0.766 0.762 0.777 0.77 0.758 0.762 0.77 0.77 0.766 0.758 0.758 0.762 0.762 0.762 0.762 0.746 0.754 0.766 0.762 0.707 0.727 0.758 0.762 0.754 0.746 0.742 0.742 0.742 0.738 0.742 0.734 
0.781 0.777 0.777 0.777 0.77 0.77 0.777 0.781 0.793 0.801 0.805 0.805 0.801 0.801 0.809 0.793 0.789 0.777 0.777 0.781 0.77 0.762 0.762 0.758 0.758 0.746 0.738 0.738 0.738 0.738 0.742 0.746 0.754 0.758 0.762 0.758 0.766 0.754 0.758 0.766 0.77 0.766 0.766 0.766 0.766 0.766 0.762 0.777 0.77 0.758 0.754 0.758 0.746 0.746 0.762 0.77 0.781 0.777 0.766 0.77 0.777 0.77 0.754 0.758 0.762 0.766 0.77 0.766 0.77 0.762 0.766 0.781 0.762 0.754 0.758 0.762 0.766 0.766 0.762 0.758 0.758 0.758 0.762 0.758 0.754 0.766 0.766 0.754 0.707 0.707 0.742 0.742 0.734 0.742 0.742 0.738 0.738 0.734 0.738 0.73 
0.781 0.777 0.77 0.77 0.777 0.781 0.789 0.77 0.777 0.781 0.781 0.77 0.777 0.77 0.777 0.77 0.758 0.746 0.742 0.742 0.746 0.746 0.742 0.742 0.754 0.758 0.758 0.754 0.746 0.754 0.762 0.754 0.758 0.77 0.777 0.777 0.777 0.777 0.781 0.777 0.766 0.762 0.762 0.762 0.766 0.77 0.766 0.77 0.785 0.777 0.77 0.781 0.785 0.781 0.789 0.789 0.789 0.781 0.777 0.758 0.762 0.754 0.754 0.746 0.746 0.746 0.754 0.766 0.758 0.746 0.742 0.754 0.758 0.758 0.762 0.766 0.766 0.766 0.77 0.777 0.77 0.762 0.758 0.746 0.754 0.77 0.762 0.742 0.711 0.707 0.746 0.742 0.734 0.738 0.734 0.734 0.734 0.727 0.719 0.715 
